# Bundle file v0.3
39 8249
2.8028467706e+03 8.3075381971e-02 -1.1540190347e-01
-9.9678683511e-01 3.4560476939e-02 -7.2260492546e-02
-7.1199244905e-02 -7.9559154433e-01 6.0163507387e-01
-3.6697041762e-02 6.0484681368e-01 7.9549585738e-01
-2.5189677939e-01 1.7994381707e+00 -7.6576843195e-01
2.7843681979e+03 6.4413302291e-02 -7.0542598378e-02
-7.0310091427e-01 -4.4079618894e-01 -5.5798550533e-01
-7.1865289773e-02 -7.3662476287e-01 6.7247255621e-01
-7.0744928050e-01 5.1291585912e-01 4.8624359840e-01
-2.6149918050e+00 2.0716446491e+00 -1.6502341314e+00
0 0 0
0 0 0
0 0 0
0 0 0
0 0 0
0 0 0
0 0 0
0 0 0
0 0 0
0 0 0
2.8154060748e+03 8.4189463047e-02 -1.2394690642e-01
9.9973184950e-01 6.7825019666e-03 2.2141065127e-02
-6.4981178030e-03 9.9989579322e-01 -1.2890972174e-02
-2.2226190922e-02 1.2743640204e-02 9.9967174416e-01
7.3335744559e-02 -3.2212481811e-02 2.1095031978e-02
2.8328543336e+03 9.0631601612e-02 -1.4065791778e-01
9.9879188449e-01 2.5488350879e-02 4.2013277098e-02
-3.4621801221e-02 9.7172806025e-01 2.3355065361e-01
-3.4872659252e-02 -2.3472307277e-01 9.7143655312e-01
1.7222540991e-01 1.0023206179e+00 -1.0831543575e-01
0 0 0
0 0 0
0 0 0
0 0 0
0 0 0
0 0 0
0 0 0
0 0 0
0 0 0
0 0 0
0 0 0
0 0 0
0 0 0
0 0 0
0 0 0
0 0 0
0 0 0
0 0 0
0 0 0
0 0 0
0 0 0
0 0 0
0 0 0
0 0 0
0 0 0
0 0 0
0 0 0
0 0 0
0 0 0
0 0 0
2.8459391130e+03 6.5132896417e-02 -7.2649891403e-02
-8.9541583981e-01 -2.8756954399e-01 -3.3990326741e-01
-7.5580583197e-02 -6.5417476396e-01 7.5255760819e-01
-4.3876878794e-01 6.9954208992e-01 5.6402377181e-01
-1.3762034772e+00 2.3979151746e+00 -1.1397425278e+00
2.8195734454e+03 7.6584065281e-02 -1.0623683174e-01
-9.0972940789e-01 3.0900491803e-01 2.7732357466e-01
2.1317507588e-03 -6.6444010859e-01 7.4733847601e-01
4.1519617058e-01 6.8046697401e-01 6.0380198510e-01
1.1049844369e+00 2.2503067869e+00 -9.2880836553e-01
2.8193808535e+03 6.1470771333e-02 -5.2220022961e-02
-8.8378636216e-01 -3.6825116424e-01 -2.8863947423e-01
-6.3487509693e-02 -5.1680740699e-01 8.5374436466e-01
-4.6356337449e-01 7.7285262768e-01 4.3336798880e-01
-1.2206522943e+00 2.6491646893e+00 -1.6019754962e+00
2.8381413674e+03 7.0595810072e-02 -8.0275088604e-02
-7.8277199133e-01 -2.8758621014e-01 -5.5187152610e-01
2.4559432100e-02 -9.0039849900e-01 4.3437239473e-01
-6.2182380453e-01 3.2646089313e-01 7.1186968006e-01
-2.0220207331e+00 1.3023531057e+00 -5.7234368996e-01
2.8071436955e+03 7.1533788560e-02 -6.4257980769e-02
-8.6156822462e-01 -5.4521378787e-02 5.0470547211e-01
1.8226122816e-01 -9.6114826424e-01 2.0730378400e-01
4.7379430034e-01 2.7059459235e-01 8.3803193708e-01
1.7813379011e+00 4.3764671551e-01 -1.3691736547e-01
0 0 0
0 0 0
0 0 0
0 0 0
0 0 0
0 0 0
0 0 0
0 0 0
0 0 0
0 0 0
0 0 0
0 0 0
0 0 0
0 0 0
0 0 0
0 0 0
0 0 0
0 0 0
0 0 0
0 0 0
0 0 0
0 0 0
0 0 0
0 0 0
0 0 0
0 0 0
0 0 0
0 0 0
0 0 0
0 0 0
0 0 0
0 0 0
0 0 0
0 0 0
0 0 0
0 0 0
0 0 0
0 0 0
0 0 0
0 0 0
0 0 0
0 0 0
0 0 0
0 0 0
0 0 0
0 0 0
0 0 0
0 0 0
0 0 0
0 0 0
0 0 0
0 0 0
0 0 0
0 0 0
0 0 0
0 0 0
0 0 0
0 0 0
0 0 0
0 0 0
0 0 0
0 0 0
0 0 0
0 0 0
0 0 0
2.8370198783e+03 5.9630513479e-02 -3.2933947235e-02
8.1969198861e-01 -4.4580598378e-01 -3.5966938796e-01
1.1816173000e-01 7.4600557819e-01 -6.5537278161e-01
5.6048447737e-01 4.9470466153e-01 6.6417200219e-01
-1.4245351355e+00 -2.2852978065e+00 -8.8122241938e-01
0 0 0
0 0 0
0 0 0
0 0 0
0 0 0
2.8079211075e+03 8.4714672370e-02 -1.2682772275e-01
9.6947613275e-01 -1.9154235567e-01 -1.5306062200e-01
9.3087391862e-02 8.6506559717e-01 -4.9294649818e-01
2.2682761186e-01 4.6365185061e-01 8.5649062805e-01
-6.2977006415e-01 -1.6979561841e+00 -5.9335882474e-01
2.7982196543e+03 8.5993706194e-02 -1.2399730169e-01
9.9635201245e-01 -8.2935851918e-02 -2.0107505145e-02
6.4914576268e-02 8.8950788205e-01 -4.5228511534e-01
5.5396435666e-02 4.4932991469e-01 8.9164671405e-01
-1.3386169955e-01 -1.5284667074e+00 -5.8345067917e-01
2.7907774493e+03 8.9213174475e-02 -1.3328178925e-01
9.8842404725e-01 1.4592816738e-02 1.5101308721e-01
5.8186546500e-02 8.8278809645e-01 -4.6615394729e-01
-1.4011505493e-01 4.6954470124e-01 8.7171987755e-01
4.6706794405e-01 -1.6369080921e+00 -5.7495801136e-01
2.8040321225e+03 7.5716056884e-02 -9.1039315569e-02
9.5928629807e-01 1.4992000108e-01 2.3936121575e-01
-2.2909631925e-02 8.8600080048e-01 -4.6311740445e-01
-2.8150479054e-01 4.3877850314e-01 8.5336304003e-01
8.9565215197e-01 -1.6876581799e+00 -5.5547102084e-01
2.7997658219e+03 7.2285745272e-02 -9.1079062603e-02
9.1263838529e-01 2.2233951494e-01 3.4301066716e-01
-2.7884493607e-02 8.7104136907e-01 -4.9041756533e-01
-4.0781568473e-01 4.3800921618e-01 8.0114561337e-01
1.2915784112e+00 -1.7684050146e+00 -5.3121071201e-01
2.8084711310e+03 7.2453965441e-02 -9.4071553522e-02
8.5245339940e-01 2.6985472888e-01 4.4777408048e-01
-3.0599640571e-02 8.8077228950e-01 -4.7255035293e-01
-5.2190694941e-01 3.8912542882e-01 7.5907478999e-01
1.7142950752e+00 -1.8032009567e+00 -4.5151925312e-01
2.7837225288e+03 8.2649125073e-02 -1.1537818525e-01
9.9300902787e-01 -3.5203413348e-02 1.1266672205e-01
9.1976884336e-02 8.2900346169e-01 -5.5162805699e-01
-7.3981912092e-02 5.5813437468e-01 8.2644582187e-01
2.9063005845e-01 -1.9800422368e+00 -8.8314040125e-01
-1.3509441760e+00 3.3432681785e-01 -3.0189067772e+00
227 179 131
11 4 170 -1290.9399 336.6300 5 320 -1210.9600 625.0500 33 108 -1281.3600 41.7800 34 118 -1303.6700 -12.8101 35 72 -1166.1799 40.9399 36 88 -1132.1700 51.4301 0 93 1288.7200 -181.7700 37 70 -1037.0601 -61.1400 38 303 -1278.3700 -147.2800 12 69 1086.1399 13.3900 14 78 1011.8000 -21.3700
1.2696620671e+00 8.6216472628e-02 -2.6866355729e+00
223 185 146
10 4 80 1359.6201 84.9700 5 101 1372.8799 426.7000 33 93 1159.7200 -148.9600 34 93 1218.6799 -216.4600 35 79 1329.9500 -354.7500 36 97 1387.8799 -369.3400 0 118 -1292.8500 22.9200 37 88 1475.2700 -454.7200 38 287 1112.8601 -276.3400 15 184 -1378.8900 80.0300
-1.4175259665e+00 3.2918665697e-01 -3.0024533918e+00
193 149 110
12 4 270 -1364.0701 333.9199 5 562 -1280.1700 630.3401 33 443 -1344.1400 27.0000 34 277 -1378.0100 -29.4399 35 309 -1248.4900 29.6100 36 231 -1225.5900 38.5200 0 212 1358.8101 -164.5300 37 287 -1141.5500 -78.1600 38 799 -1344.5000 -166.1700 15 127 1081.7800 -555.3600 32 397 -1370.9299 -55.0300 16 411 1293.1101 -668.2400
-1.3884329034e+00 2.5041910987e-01 -2.9935500478e+00
250 200 147
13 4 160 -1338.3900 258.3201 5 309 -1265.4100 564.4299 33 153 -1299.2900 -37.5800 34 175 -1333.3500 -99.5900 35 167 -1211.5601 -51.1600 36 213 -1188.9399 -53.5699 0 244 1308.7900 -98.1801 37 114 -1101.6000 -187.7800 38 518 -1298.8500 -224.3800 12 101 1141.9500 122.2200 14 110 1073.7400 72.5800 15 131 1051.9600 -419.9700 32 133 -1324.1200 -114.4500
1.2281303559e+00 9.4337774127e-02 -2.7492217984e+00
239 201 164
8 4 210 1284.4900 93.7400 5 249 1297.9600 413.0100 34 225 1154.0100 -182.9200 35 199 1265.3301 -318.4399 36 259 1322.2500 -330.1400 0 270 -1228.4600 -16.3700 38 512 1053.5500 -240.0900 15 469 -1313.0400 46.4000
-1.4124269837e+00 2.8744989009e-01 -2.9996806515e+00
215 168 126
7 4 468 -1360.1200 293.4600 5 892 -1281.8300 594.7700 33 670 -1329.8101 -6.2800 34 447 -1363.8101 -66.4200 36 375 -1219.0601 -9.9399 0 360 1342.3201 -130.0200 38 782 -1328.8800 -197.8000
-1.4123008131e+00 2.8779246936e-01 -2.9991218370e+00
215 168 126
11 4 469 -1360.1200 293.4600 5 893 -1281.8300 594.7700 33 671 -1329.8101 -6.2800 34 448 -1363.8101 -66.4200 35 299 -1240.8400 -13.0500 36 376 -1219.0601 -9.9399 0 361 1342.3201 -130.0200 37 279 -1138.9100 -135.0699 38 783 -1328.8800 -197.8000 32 589 -1354.5300 -85.7200 16 1004 1290.0901 -632.1200
-1.4359511862e+00 2.3772369477e-01 -2.9818958125e+00
226 175 129
10 4 256 -1390.7400 247.0701 5 550 -1316.9000 558.9299 33 375 -1344.5601 -53.8400 34 402 -1383.6100 -119.2300 35 280 -1269.7800 -68.8199 36 349 -1255.0300 -74.8000 0 419 1354.5100 -78.8199 37 260 -1182.7200 -213.8300 38 769 -1342.9600 -244.4301 15 134 1128.1201 -402.2100
1.2695073252e+00 1.0878144338e-01 -2.6973132651e+00
255 227 192
14 4 215 1354.4399 109.0800 5 491 1363.9600 445.6400 33 213 1160.3301 -127.9500 34 347 1218.2400 -193.8000 35 340 1330.6399 -332.6600 36 433 1389.0801 -345.5900 0 469 -1293.5601 0.1000 37 590 1476.4900 -429.5500 38 761 1111.5300 -255.0601 12 456 -1491.4000 184.1100 14 465 -1397.0601 182.6500 15 757 -1378.9500 56.7700 32 199 1098.1799 -172.7700 1 347 -1519.7500 64.6100
-1.3626946447e+00 2.5823690113e-01 -2.9934847493e+00
248 197 142
11 4 714 -1313.5100 264.6500 5 1325 -1239.4600 569.0601 33 1012 -1281.4900 -28.8101 34 688 -1307.2100 -91.0900 36 610 -1152.2100 -47.0300 0 604 1285.0300 -106.0699 37 468 -1063.7100 -177.0900 38 1851 -1276.0701 -216.9399 12 408 1101.6201 111.1400 15 352 1005.1599 -426.6600 32 902 -1310.0100 -106.5200
1.1206769227e+00 1.4069600755e-01 -2.8016634316e+00
255 231 198
9 4 627 1149.4900 139.1400 5 1194 1163.5901 439.5200 34 646 1046.3899 -127.9900 35 654 1170.6101 -257.6000 36 769 1236.0200 -270.5000 0 643 -1114.0500 -74.2100 37 1039 1328.9800 -355.7300 38 1291 948.8201 -188.1801 13 443 -892.5700 89.9100
-1.1964221087e+00 1.8359691333e-01 -2.9171733547e+00
190 142 96
11 4 1069 -1177.8201 195.4700 5 1298 -1110.8000 526.9800 33 883 -1144.8201 -110.0400 34 599 -1136.3900 -182.1899 35 432 -992.9600 -157.4301 36 525 -931.8200 -177.0400 0 706 1117.9199 -15.7500 37 394 -806.4700 -324.6700 38 1242 -1117.3000 -298.0300 15 377 729.0300 -246.2900 32 819 -1194.0500 -183.9500
1.2611193090e+00 7.6068790595e-02 -2.6978284394e+00
247 211 177
8 4 340 1344.3799 74.4200 5 470 1357.9900 413.7900 34 567 1203.9099 -219.7200 35 564 1313.5000 -356.6400 36 698 1370.3601 -369.9000 0 743 -1277.8201 25.9600 37 951 1457.0500 -454.3900 38 1793 1099.7600 -278.5100
-1.2979772391e+00 8.7692903828e-02 -2.9140735231e+00
180 141 98
7 4 357 -1281.9100 100.9600 5 494 -1224.5300 444.9000 33 518 -1211.7400 -191.0500 34 541 -1226.1600 -270.4600 0 762 1192.7600 65.4000 38 1744 -1190.7700 -375.4301 32 495 -1239.8000 -260.2400
-1.3791903961e+00 -1.0756795442e-02 -2.9181088003e+00
245 207 170
11 4 530 -1363.3700 3.4200 5 425 -1318.4200 355.9199 33 487 -1256.2200 -267.2100 34 514 -1290.1799 -353.5200 35 586 -1201.1000 -334.4399 36 694 -1187.8800 -377.2300 0 786 1242.8701 140.4399 37 879 -1121.3500 -569.4800 38 1734 -1240.5800 -446.1000 32 464 -1264.6100 -331.1600 16 745 1314.2400 -358.3101
-1.2944203724e+00 2.9549738019e-01 -3.0007692177e+00
171 123 74
10 4 1868 -1242.9299 300.2500 5 2859 -1166.0500 597.0000 34 1156 -1241.4299 -51.5900 36 1030 -1057.4000 -3.5601 0 907 1225.4700 -144.3101 37 1255 -952.7300 -124.4301 38 1896 -1218.8300 -179.7800 12 609 999.2600 61.7600 14 900 931.6599 23.3600 15 820 890.2300 -472.3300
-1.4229360482e+00 3.0262449230e-01 -2.9980180052e+00
192 148 113
9 4 1195 -1371.2600 308.8600 5 1344 -1291.0400 609.2600 33 1654 -1343.3800 3.9500 34 1153 -1378.8101 -54.9000 35 1340 -1254.6700 1.5200 36 1032 -1233.6700 6.7100 0 916 1357.1101 -140.0400 37 1258 -1153.2100 -115.8199 38 1883 -1343.6700 -188.6700
-1.4013549074e+00 2.5469713325e-01 -2.9944367988e+00
200 148 101
13 4 1807 -1350.7700 262.6699 5 2831 -1276.4900 568.4000 33 1566 -1314.0701 -34.4000 34 1083 -1347.1200 -96.5300 35 1313 -1226.7300 -46.7100 36 994 -1206.1700 -48.9800 0 1003 1321.7700 -100.8400 12 668 1160.8601 117.9500 14 961 1090.5901 68.9900 15 543 1071.7700 -428.8000 32 1371 -1336.8900 -112.1100 13 1466 1478.3799 -144.6700 16 1502 1284.3799 -600.4600
1.2085610996e+00 1.2527300682e-01 -2.7695110005e+00
252 215 186
9 4 986 1254.5100 124.2300 5 1177 1265.9900 435.6699 33 922 1076.0801 -82.7500 34 996 1133.3999 -150.0000 36 1939 1308.2400 -297.3101 0 1084 -1208.2500 -51.0000 38 2812 1033.7100 -208.9700 32 879 1013.2900 -120.4200 16 906 -1015.7300 -55.4100
1.2121940867e+00 1.1188665502e-01 -2.7646769212e+00
255 219 193
9 4 609 1260.3301 109.9301 5 1159 1272.6101 424.0701 33 903 1079.7400 -95.6300 34 977 1136.4900 -162.5200 36 1185 1309.1699 -310.6600 0 1112 -1211.0400 -37.8199 37 1514 1394.9500 -394.6400 38 2792 1037.1101 -220.3700 32 862 1018.0200 -134.0400
-1.3638055704e+00 1.5580075350e-01 -2.9059684808e+00
194 147 95
12 4 1643 -1353.4299 169.9800 5 2732 -1286.1600 513.4800 33 1361 -1289.3201 -146.2700 34 914 -1309.8700 -223.2800 35 714 -1190.2800 -189.2700 36 814 -1157.7000 -214.4000 0 1190 1279.3999 23.5500 12 830 1091.6899 293.6799 14 744 1032.0801 234.8800 15 633 992.1001 -219.5300 32 1237 -1316.3500 -220.4800 16 1578 1327.1001 -504.5200
-1.5407198125e+00 1.3262121180e-01 -2.9044536601e+00
229 190 157
9 4 634 -1535.1300 148.7400 5 840 -1468.6100 501.0801 33 826 -1437.4900 -174.9100 34 550 -1493.7600 -255.9800 35 697 -1405.2700 -211.9900 0 1222 1448.8501 54.4301 37 595 -1364.1600 -420.9600 15 393 1312.0100 -203.8400 32 1211 -1438.9800 -249.2000
-1.3975424844e+00 2.4253496145e-02 -2.9084315286e+00
164 122 82
8 4 547 -1386.3300 38.8600 5 729 -1336.4000 392.5000 33 786 -1284.1100 -246.2700 34 835 -1317.8600 -331.7500 35 609 -1225.3500 -309.5100 36 710 -1211.6300 -350.6600 0 1270 1272.4900 122.3000 32 1157 -1295.0300 -312.7400
-1.4064870249e+00 1.8535263621e-02 -2.9078060235e+00
212 173 134
4 4 323 -1395.9600 33.1200 5 449 -1346.7400 387.5801 34 516 -1326.6400 -338.1500 0 1276 1279.6699 127.0699
-1.4516507211e+00 -1.1640794559e-02 -2.9104084964e+00
118 75 40
8 4 531 -1440.5300 3.2600 5 698 -1395.0000 360.7200 33 767 -1320.5300 -274.9100 34 816 -1367.1000 -364.2200 35 579 -1287.4399 -341.3000 36 688 -1287.5500 -387.4200 0 1299 1313.7100 150.4500 32 722 -1321.0601 -339.3600
-1.3890837497e+00 -4.2057506385e-02 -2.9211092765e+00
158 119 88
7 4 519 -1373.0500 -27.8101 5 664 -1332.2000 325.5701 33 759 -1255.9200 -288.8101 34 507 -1293.2800 -377.3101 35 561 -1210.2200 -360.3800 0 1303 1241.7700 160.9200 38 2585 -1240.2700 -465.4100
-1.3529507416e+00 -8.4642043773e-02 -2.9501925521e+00
161 120 81
11 4 792 -1322.7400 -69.7500 5 956 -1288.7200 272.5801 33 750 -1205.4200 -305.2400 35 1405 -1163.8600 -378.3900 36 1723 -1156.7400 -423.7200 0 1306 1190.0601 172.5699 37 2094 -1100.5500 -620.2500 38 2583 -1191.6700 -472.2900 15 1747 1061.4299 96.7600 32 703 -1208.6700 -365.0900 16 1208 1270.7700 -293.0500
-1.4142630142e+00 -6.0277116863e-02 -2.9190032339e+00
228 193 163
8 4 509 -1398.4500 -45.4600 5 646 -1360.2300 310.2700 33 751 -1273.7100 -304.4100 34 797 -1316.2600 -394.7400 36 1071 -1238.0800 -427.2300 0 1307 1260.8899 176.9800 37 838 -1185.1600 -631.0200 32 704 -1274.1600 -365.9399
1.1840473300e+00 2.3972514307e-01 -2.8537818459e+00
221 183 150
3 4 1767 1191.8501 235.7700 5 2712 1195.6499 508.4900 0 1419 -1176.0601 -185.9800
-1.3013564673e+00 2.7808951564e-01 -2.9942047806e+00
236 188 134
14 4 2865 -1252.3500 283.8800 5 3727 -1177.3700 584.3101 33 2476 -1232.2900 -10.1100 34 2766 -1246.9200 -70.4200 35 1975 -1109.1100 -26.8800 36 2476 -1068.2200 -26.3400 0 1533 1229.6399 -126.2400 37 1940 -965.0500 -151.1000 38 4707 -1222.7600 -197.1400 12 1045 1009.4700 84.7500 14 1387 943.0801 43.0200 15 836 902.0300 -444.5200 32 2881 -1269.9900 -88.0400 1 738 -207.8199 -72.6100
-1.3748524073e+00 2.6478309808e-01 -2.9967995582e+00
232 182 133
13 4 1829 -1324.0500 271.8900 5 1990 -1249.5000 574.6000 33 1588 -1292.3300 -23.6700 34 1732 -1320.5400 -84.8300 35 1320 -1195.3000 -36.6899 36 1001 -1168.7400 -37.5900 0 1580 1297.7600 -112.1600 37 1221 -1082.5400 -166.2800 38 2807 -1288.1799 -211.6000 12 1074 1120.4299 103.2300 14 951 1050.8799 56.6500 15 837 1025.6699 -440.6899 32 2050 -1319.3800 -100.9301
1.1262781518e+00 1.4809848982e-01 -2.8053215856e+00
201 167 132
6 4 1579 1153.9900 146.4900 5 1760 1166.5200 445.9399 34 1646 1050.7400 -120.4200 35 1590 1174.3501 -250.3600 0 1664 -1120.2200 -82.7300 38 4744 953.4299 -180.7100
1.2585388630e+00 1.2422720542e-01 -2.7172185017e+00
255 216 173
7 4 985 1332.3999 124.8600 5 1218 1342.2800 453.1799 34 966 1201.3501 -172.8500 35 955 1315.7600 -311.4200 36 1160 1373.7300 -325.2000 0 1807 -1278.6600 -23.7100 37 2349 1461.1899 -408.7000
1.2519186401e+00 8.9869089145e-02 -2.7113046838e+00
255 231 204
6 4 928 1328.3401 88.2800 5 1157 1341.0100 422.7300 35 1445 1303.6299 -339.7200 36 1820 1360.7700 -353.2200 0 1893 -1266.3101 7.2200 38 4595 1087.5500 -261.7200
1.2506200695e+00 8.3819507425e-02 -2.7130448575e+00
171 127 94
8 4 1459 1325.7900 82.2700 5 1656 1339.5801 416.1100 34 2302 1188.7200 -206.9900 35 1437 1299.3301 -343.4100 36 1816 1356.3301 -356.4200 0 1899 -1262.6300 11.0800 37 2297 1443.1699 -441.1500 38 4591 1085.3101 -265.3199
-1.5112896407e+00 1.5398536888e-01 -2.9057361566e+00
100 55 15
10 4 1644 -1503.8199 169.8900 5 1899 -1434.4700 518.7000 33 1344 -1418.1700 -156.0300 35 1102 -1370.4299 -190.9600 36 809 -1367.7900 -218.0800 0 1932 1426.0801 35.3500 38 4458 -1410.4399 -355.2100 15 626 1252.0701 -235.5400 32 1812 -1425.5500 -231.9100 16 2245 1411.0801 -515.9800
-1.3434264282e+00 1.3729188043e-01 -2.9008066021e+00
229 184 138
9 4 2498 -1335.0601 151.4800 5 2681 -1269.2700 497.4700 33 2038 -1268.6400 -161.5900 35 1653 -1166.1300 -209.6100 36 2034 -1131.0000 -237.4800 0 1937 1255.0000 39.5300 37 1499 -1033.6200 -403.3400 38 4462 -1248.1700 -353.9500 16 3225 1318.0200 -486.0000
-1.3101555544e+00 1.2555939123e-01 -2.9048269637e+00
217 175 132
8 4 1005 -1299.2300 139.3199 5 1256 -1236.1300 483.4700 33 1337 -1234.9800 -166.9800 34 1392 -1247.6899 -244.8400 35 1070 -1125.8300 -218.0800 36 1280 -1086.1400 -246.2900 0 1946 1217.8201 43.5800 37 983 -985.2600 -411.8900
-1.4273839617e+00 5.2898083892e-02 -2.9006202216e+00
254 216 175
7 4 907 -1420.9500 67.3199 5 763 -1366.3300 423.0400 33 1257 -1320.4100 -230.4301 34 850 -1357.3700 -315.5800 35 986 -1263.0000 -288.4000 0 2008 1312.4099 107.8101 15 698 1125.2800 -66.7300
-1.3090889835e+00 -4.7269341481e-02 -2.9727998826e+00
91 55 21
5 4 1274 -1268.5400 -32.1500 5 1430 -1230.6899 300.0601 33 1221 -1169.4200 -264.6200 34 2017 -1199.8101 -346.7100 0 2046 1152.9099 128.9301
-1.4333950600e+00 -3.7780953978e-03 -2.9084159808e+00
177 137 103
9 4 533 -1424.4399 11.7900 5 706 -1377.1300 368.0200 33 1216 -1307.0300 -269.4900 34 822 -1348.9800 -357.7200 35 584 -1266.1300 -335.4100 36 691 -1261.4900 -379.5800 0 2057 1297.4900 146.3600 37 533 -1205.0900 -576.3400 15 461 1154.5400 11.0000
-1.3441550934e+00 -8.1534663727e-02 -2.9558009993e+00
178 139 103
10 4 1250 -1311.0100 -66.3900 5 1404 -1276.5400 275.5901 33 1190 -1196.1899 -299.1700 34 1267 -1233.0400 -385.3199 35 920 -1154.0300 -372.9301 36 1077 -1145.9600 -417.2000 0 2072 1180.4800 165.4800 37 1323 -1088.9600 -612.2700 38 2584 -1183.3500 -465.5800 32 1130 -1200.1100 -358.1200
-1.3638846422e+00 3.1622913605e-01 -3.0103817134e+00
124 80 36
12 4 1896 -1308.0800 320.4000 5 2874 -1228.1500 613.3800 33 2605 -1290.6799 22.8600 34 2900 -1315.5601 -33.4200 35 2016 -1182.4000 19.4100 36 1663 -1150.7800 26.9301 0 2289 1298.6499 -161.6600 37 2010 -1058.6200 -90.1500 38 4775 -1287.9399 -166.6600 12 970 1105.2800 40.4301 14 874 1031.2400 3.0200 15 799 1000.0100 -525.2700
-1.3820913881e+00 3.1126573771e-01 -3.0078149873e+00
213 171 137
14 4 2928 -1326.8700 316.1699 5 2870 -1246.5701 611.0601 33 2570 -1306.3201 16.9200 34 2871 -1334.8300 -40.0500 35 2013 -1204.0000 13.9000 36 1659 -1175.8500 20.7600 0 2302 1314.6899 -155.0000 37 1997 -1087.5000 -98.1400 38 4768 -1304.0900 -173.1500 12 1486 1133.1001 50.2900 14 2055 1060.4199 11.7900 32 2964 -1335.8500 -63.4000 13 3563 1493.6499 -190.8300 16 2886 1267.3899 -650.1700
-1.4088213294e+00 3.0997547031e-01 -3.0029059732e+00
139 95 58
9 4 1887 -1355.0400 315.4600 5 2873 -1274.3500 613.1100 33 2551 -1331.2200 12.1000 34 1820 -1364.1400 -44.9600 35 1347 -1237.2100 11.1300 36 1655 -1213.4900 17.5300 0 2330 1343.7700 -149.4900 37 1264 -1130.1700 -103.1100 32 2947 -1357.8600 -68.9900
-1.3606985472e+00 2.8509413452e-01 -3.0024157025e+00
181 131 82
11 4 2877 -1307.6300 290.7100 5 3736 -1231.2700 589.5701 33 2499 -1282.8600 -4.6200 34 2785 -1308.4100 -63.8900 35 2868 -1178.7300 -14.4800 36 2490 -1148.0200 -12.1200 0 2401 1288.2200 -132.4700 37 1963 -1057.7200 -135.7800 38 7119 -1279.1000 -193.0500 15 1228 999.2200 -471.8199 32 2089 -1313.2700 -83.3800
1.2171821487e+00 1.2418203056e-01 -2.7679526895e+00
201 158 124
4 4 2407 1264.0601 122.9900 5 2515 1275.0100 434.5701 34 3928 1141.7600 -151.3199 0 2725 -1217.0100 -49.5800
1.2065286901e+00 1.1968249176e-01 -2.7694423569e+00
244 207 180
4 4 2395 1252.2500 118.7000 5 2498 1264.3999 430.0100 34 3915 1130.7500 -154.7300 0 2735 -1205.1500 -46.0699
1.2374696489e+00 1.2678214625e-01 -2.7543739797e+00
205 163 123
6 4 2415 1291.5000 125.8900 5 3431 1301.8799 441.4199 34 3914 1166.0200 -154.5601 0 2737 -1242.5300 -45.7300 37 4915 1422.9099 -387.8300 38 7070 1064.8000 -213.7000
1.2618792402e+00 9.8149303646e-02 -2.7022656001e+00
223 189 154
10 4 1486 1343.4600 97.8800 5 2511 1355.5701 433.5000 33 2098 1149.4299 -134.7600 34 2327 1206.3701 -200.3700 35 2156 1318.8000 -338.2600 36 2707 1376.3601 -351.6100 0 2896 -1281.3500 5.4600 37 3391 1463.3999 -435.6500 38 6941 1101.3999 -260.7900 32 1904 1088.0601 -179.8900
-1.2052919441e+00 1.4259197693e-01 -2.9130181763e+00
231 192 152
8 4 1028 -1188.5500 154.4100 5 1267 -1125.6500 491.3500 33 2074 -1145.0400 -143.7100 34 1426 -1139.1000 -218.9000 35 1671 -1002.9900 -197.7900 36 1314 -946.4000 -222.1500 0 2930 1117.5400 17.8900 37 1546 -827.5200 -377.8700
1.2445679160e+00 6.9890943550e-02 -2.7174434427e+00
240 206 169
5 4 1421 1317.1699 67.9399 5 1622 1332.5901 401.1100 35 2128 1287.9900 -350.8600 36 1800 1344.3301 -364.7300 0 2938 -1251.2700 20.0601
-1.3160914530e+00 1.2950452179e-01 -2.9046185672e+00
173 129 82
10 4 2457 -1305.7300 143.2700 5 2664 -1242.3000 487.8401 33 2032 -1241.4200 -164.3199 34 2213 -1254.5800 -241.9900 35 1645 -1132.5701 -214.5400 36 2026 -1093.4600 -242.5699 0 2983 1224.4700 40.7200 37 1495 -993.6900 -407.9000 38 4461 -1219.2300 -354.0500 15 1510 921.8899 -173.7900
-1.5111937429e+00 4.8983833650e-02 -2.9082166702e+00
248 208 173
10 4 901 -1503.0500 63.9399 5 1153 -1448.7100 420.5801 33 1912 -1388.3700 -234.3300 34 1318 -1442.2300 -321.0500 35 987 -1362.7500 -288.2700 36 1155 -1369.1600 -328.2500 0 3096 1390.7700 112.2800 37 904 -1325.2500 -521.2600 38 4404 -1379.7800 -425.3500 15 695 1278.7700 -71.9600
-1.3123767256e+00 -4.0192848645e-02 -2.9719469825e+00
223 189 154
7 4 2048 -1272.1500 -25.1700 5 2158 -1232.9800 306.9399 33 2876 -1173.5701 -259.9200 34 2022 -1205.1899 -342.4399 35 2172 -1117.0701 -327.2900 0 3117 1158.1001 124.8000 38 6650 -1161.5000 -426.8000
-1.3693357302e+00 -1.7957139125e-02 -2.9255264622e+00
148 109 76
7 4 835 -1349.9500 -3.5300 5 1487 -1306.1600 345.6899 33 1861 -1243.3900 -268.3400 34 2002 -1276.7600 -354.2500 35 2157 -1188.3300 -336.4500 0 3130 1228.7800 140.0601 38 4382 -1227.9700 -445.4301
-1.4626577315e+00 -1.8373296245e-02 -2.9113586799e+00
178 138 102
7 4 1307 -1451.6300 -3.4500 5 1507 -1407.5400 354.5300 34 1986 -1376.2500 -369.9800 35 1431 -1299.9900 -346.7800 36 1094 -1302.5400 -393.2100 0 3144 1321.2200 156.2100 37 863 -1255.0200 -594.6600
-1.4508366359e+00 -3.5912605868e-02 -2.9141779339e+00
144 105 74
4 4 1286 -1438.6500 -21.5800 5 1025 -1395.8400 336.3700 33 1842 -1312.4000 -290.7700 0 3161 1305.0500 165.5200
-1.4005262326e+00 2.4427968635e-01 -2.9916468118e+00
159 106 62
10 4 2792 -1351.9200 252.5100 5 2821 -1278.7600 560.0901 33 3595 -1311.1799 -43.4399 34 2627 -1344.5200 -106.3199 35 3768 -1225.7900 -58.2300 36 2417 -1204.5601 -62.0900 0 3889 1318.2900 -91.4000 37 2825 -1125.9200 -196.6400 38 7018 -1307.8500 -231.6700 15 1264 1071.6399 -411.3400
-1.3901857179e+00 2.3726159600e-01 -2.9931349081e+00
167 115 66
5 4 2769 -1340.9100 245.5400 5 2814 -1269.1700 552.4900 34 2612 -1331.4600 -111.2100 0 3911 1305.7200 -87.7300 38 7011 -1296.0300 -234.8800
1.2026973631e+00 1.2161003791e-01 -2.7707112729e+00
194 155 124
7 4 2401 1247.7400 120.4100 5 2504 1259.8799 431.8500 33 2239 1069.6001 -85.7000 34 3921 1127.1001 -153.0601 35 3211 1242.6799 -287.1600 0 4131 -1201.3700 -48.1400 32 2001 1006.5901 -123.4000
-1.2159848304e+00 1.6735649405e-01 -2.9126462516e+00
223 177 128
11 4 2593 -1199.2100 179.4399 5 3606 -1134.0000 514.4900 33 3211 -1160.3400 -125.7800 34 2332 -1155.2500 -199.3300 35 2530 -1015.9200 -175.2200 36 2138 -958.0900 -196.7200 0 4359 1134.3501 0.2700 37 1608 -837.0400 -348.9399 38 6819 -1133.3000 -314.1300 12 2790 878.6799 252.4000 15 1446 760.0300 -222.5400
-1.1337539032e+00 1.5229538359e-01 -2.9080567182e+00
208 173 131
7 4 2549 -1118.0200 164.3300 5 2689 -1054.1000 499.6300 33 3177 -1085.0200 -134.7200 34 3640 -1067.7800 -208.4900 35 2482 -922.1800 -191.8800 0 4381 1049.7400 9.0000 15 2287 643.9600 -189.5100
-1.2367524325e+00 1.3804589931e-01 -2.9130558417e+00
201 156 113
9 4 1591 -1220.5500 150.2700 5 1849 -1158.1200 488.4700 33 2064 -1171.0900 -149.3400 34 2247 -1171.0000 -224.8500 35 2453 -1039.5801 -202.0601 36 2060 -988.0800 -227.0100 0 4432 1146.6799 23.9600 37 2390 -874.0600 -384.5200 38 6770 -1146.0900 -335.8700
-1.3534603722e+00 1.4800714074e-01 -2.9034064252e+00
171 125 76
8 4 2540 -1343.6600 162.1500 5 3590 -1276.5601 506.8101 33 3115 -1279.6500 -152.7800 34 2236 -1298.1200 -229.9800 35 2463 -1178.2900 -198.2900 36 2061 -1143.9500 -224.6899 0 4446 1267.8701 30.0601 38 6757 -1259.9000 -345.6801
-1.5083682448e+00 1.5844793333e-01 -2.9059528169e+00
232 184 144
7 4 3803 -1501.0500 174.2200 5 3633 -1431.1799 522.3000 33 3117 -1416.7400 -152.5100 34 3570 -1464.8101 -230.9900 0 4451 1423.9900 31.5400 12 2898 1314.7400 317.2600 15 2181 1245.2200 -242.3199
-1.3471689370e+00 1.4486698970e-01 -2.9022779493e+00
234 187 141
12 4 2529 -1339.1500 158.6000 5 3583 -1273.9399 503.2500 33 2048 -1273.5601 -155.3400 34 2232 -1290.9100 -232.7700 35 2456 -1170.9600 -201.5900 36 2054 -1135.8101 -228.2000 0 4457 1260.0500 32.6100 37 2373 -1038.5300 -392.5500 38 6753 -1252.5701 -347.7800 15 1474 964.5100 -198.7200 32 2543 -1301.9900 -229.1899 16 3209 1319.0100 -492.9000
-1.3483103629e+00 1.3957728153e-01 -2.9014250174e+00
155 111 66
10 4 2501 -1340.0000 153.6400 5 3574 -1274.2400 499.8800 33 3093 -1273.4200 -159.6700 34 2228 -1291.0900 -237.4500 35 2441 -1171.8500 -206.9600 36 2043 -1137.0400 -234.9200 0 4472 1260.2100 37.0900 37 2363 -1040.6799 -400.4200 38 6743 -1253.5100 -352.2600 15 1480 969.5200 -189.9399
-1.5248125951e+00 1.4587333920e-01 -2.9027161909e+00
189 147 112
8 4 2539 -1519.3101 161.6100 5 2727 -1450.8101 512.5300 33 3077 -1429.7100 -164.3600 34 2212 -1480.3600 -244.2200 35 2461 -1386.6899 -200.6100 36 2055 -1388.6200 -228.8400 0 4495 1437.3899 43.8101 37 1498 -1333.9299 -404.6400
-1.4000262448e+00 8.9834008340e-02 -2.8946474744e+00
173 129 90
7 4 2355 -1395.1200 104.7900 5 2593 -1336.0100 458.4700 35 2331 -1233.0100 -257.7400 36 2835 -1211.4700 -292.5601 0 4574 1298.6699 82.4399 37 2250 -1131.5800 -472.1400 15 1574 1065.8701 -116.0900
-1.4377846567e+00 4.9708112114e-02 -2.9001350048e+00
228 189 150
10 4 2231 -1431.8101 64.2300 5 2464 -1377.4299 420.3301 33 2939 -1329.5701 -233.5500 34 2056 -1367.6400 -318.9600 35 2257 -1275.2600 -291.7200 36 1871 -1264.8300 -331.2300 0 4650 1322.6399 111.2400 37 1387 -1200.8000 -520.3101 38 6654 -1313.8800 -422.0200 15 1613 1144.4299 -62.0100
-1.1276921622e+00 1.5697445961e-01 -2.9066951794e+00
244 207 165
4 4 3766 -1112.2200 168.5900 5 3581 -1048.0300 503.6000 33 4700 -1082.0200 -131.6300 0 6415 1045.5901 5.6600
-1.3839820329e+00 -6.9016985125e-03 -2.9165364661e+00
204 164 128
7 4 3148 -1368.6000 7.2000 5 3151 -1322.4600 359.8800 33 2866 -1262.0400 -265.1700 34 3230 -1296.1899 -351.8101 35 3088 -1207.2200 -331.9301 0 6877 1248.9099 138.9301 38 11698 -1246.0300 -445.1200
1.2507610495e+00 4.5314361705e-02 -2.7144559864e+00
237 204 173
5 4 51 1324.9800 42.8400 5 64 1342.1001 380.2700 35 78 1288.3799 -372.5800 15 118 -1330.4200 99.3500 1 108 -1468.7200 91.2100
7.6197247132e-01 2.2514131738e-02 -2.9428771142e+00
7 9 8
2 4 2 741.3201 22.5000 5 4 771.0100 295.2000
-1.5698315896e+00 -8.6468643436e-04 -2.8987909959e+00
189 149 113
2 4 12 -1567.5800 14.5601 5 10 -1519.9301 379.4199
-1.4384941507e+00 1.0586789689e-02 -2.9044994508e+00
192 153 115
2 4 17 -1430.6200 25.1899 5 25 -1381.1300 382.6699
-1.3637310137e+00 8.6070096264e-02 -2.9018969810e+00
178 139 96
2 4 19 -1355.2100 100.2200 5 29 -1296.1899 450.8101
-1.4188780434e+00 6.0858648732e-02 -2.8967948499e+00
242 200 160
2 4 26 -1413.8101 75.4700 5 34 -1358.0000 431.7600
8.3914475986e-01 7.2101840130e-02 -2.8953925026e+00
251 230 205
2 4 35 832.3201 70.2500 5 46 856.3799 353.3301
-1.4391480580e+00 2.9738572109e-02 -2.9037156068e+00
167 127 91
5 4 53 -1431.8300 43.3199 5 96 -1380.1400 400.6699 35 60 -1276.7900 -307.6801 36 67 -1268.6100 -348.4399 37 54 -1205.7300 -541.0900
1.2650111537e+00 4.8848990117e-02 -2.6938015680e+00
202 164 126
2 4 54 1351.1799 45.4800 5 65 1366.5100 389.2200
1.2540290406e+00 9.6157367824e-02 -2.7085704512e+00
255 223 193
2 4 57 1331.7100 95.3199 5 70 1344.3899 429.5901
-1.6191928294e+00 1.1236127945e-01 -2.9287833289e+00
16 18 13
2 4 59 -1601.1200 127.7900 5 76 -1539.5000 475.5200
-1.3012026884e+00 -7.3343620394e-02 -2.9778497469e+00
6 8 5
2 4 73 -1259.0701 -57.1100 5 87 -1223.8300 273.8000
1.2722490512e+00 5.3456917155e-03 -2.6885253706e+00
214 188 164
2 4 75 1360.7000 -0.5400 5 91 1380.9399 348.4600
-1.5192359494e+00 -7.6482387006e-03 -2.9262671789e+00
168 125 91
2 4 76 -1501.7000 7.6899 5 92 -1456.7400 361.1799
-1.4610345078e+00 4.7133054052e-02 -2.9011364406e+00
239 203 167
2 4 78 -1455.0200 61.9700 5 99 -1400.8700 419.0901
-1.6125543353e+00 5.2498261424e-02 -2.9333798197e+00
206 159 113
2 4 79 -1592.6000 68.1100 5 100 -1538.8800 418.2600
1.0049231085e+00 9.4409084245e-02 -2.8500777035e+00
254 236 226
4 4 81 1011.7300 91.9100 5 95 1031.7900 384.4700 33 221 853.9900 -84.0900 32 217 780.5200 -120.6400
-1.1086886458e+00 2.0366024145e-01 -2.9168604034e+00
228 187 136
2 4 92 -1088.5901 214.4000 5 171 -1021.9100 541.0200
-1.3456549578e+00 3.0417905040e-01 -3.0051781122e+00
237 189 140
8 4 94 -1291.7300 308.8101 5 173 -1214.0500 603.7400 33 160 -1272.8400 11.9000 34 182 -1296.2200 -45.4000 35 115 -1161.6300 4.8500 36 140 -1125.6899 10.2800 37 118 -1030.5701 -109.3400 38 369 -1269.5701 -176.4500
-1.3624602239e+00 -8.1929729141e-02 -2.9424599390e+00
118 85 54
2 4 102 -1335.2700 -66.4100 5 122 -1300.7600 279.7400
-1.3004883274e+00 -3.8915335500e-02 -2.9699824397e+00
213 178 138
2 4 105 -1261.5400 -23.7900 5 127 -1221.8700 308.1899
-1.4017451410e+00 -3.4972806073e-02 -2.9154414762e+00
226 190 158
2 4 107 -1387.2100 -20.4200 5 133 -1345.8201 334.5901
-1.2638993077e+00 -1.5032096996e-02 -2.9827575269e+00
6 7 3
2 4 108 -1219.3700 -0.5699 5 129 -1178.3800 324.4900
-1.4066758478e+00 6.8828265944e-04 -2.9106981359e+00
168 129 98
5 4 109 -1396.0400 14.6200 5 138 -1348.2800 369.6699 34 197 -1322.1700 -350.5300 35 196 -1234.2800 -329.1801 36 149 -1223.9399 -371.7000
1.4131532920e+00 5.4255897907e-02 -2.6388993453e+00
195 151 119
2 4 113 1539.5901 50.5699 5 247 1550.0601 409.8000
9.3198380811e-01 9.5339794002e-02 -2.8672063445e+00
208 190 178
2 4 118 932.1399 93.2400 5 94 956.3501 381.1200
-1.5638039649e+00 8.2336488862e-02 -2.9141570185e+00
227 185 143
2 4 119 -1553.3300 97.8000 5 153 -1494.3600 451.1400
1.0062232546e+00 1.1086589908e-01 -2.8389733328e+00
210 196 193
2 4 124 1017.9900 108.8000 5 144 1037.3799 403.0500
-1.4323829034e+00 1.0167018776e-01 -2.8945426070e+00
211 168 125
2 4 125 -1429.1799 116.6300 5 159 -1366.8000 471.0701
-1.3299897221e+00 1.0909597454e-01 -2.9043502979e+00
197 158 117
2 4 127 -1318.8101 122.9000 5 157 -1258.9000 469.7800
-1.3035391733e+00 1.1411451032e-01 -2.9079074320e+00
158 116 76
2 4 128 -1291.1799 127.5900 5 158 -1229.2300 471.7000
-1.3690624480e+00 1.1708956917e-01 -2.8957426268e+00
207 164 121
2 4 131 -1363.3700 131.5400 5 160 -1300.2300 482.1500
-1.1197513422e+00 1.3818645376e-01 -2.9097181277e+00
234 205 173
2 4 139 -1102.3201 149.8101 5 161 -1041.9600 484.9600
7.0366557809e-01 1.5281359343e-01 -2.8488840631e+00
194 189 189
2 4 141 711.5200 152.2000 5 105 738.2300 447.9900
-9.0844594396e-01 1.4813011220e-01 -2.8963313322e+00
191 171 146
2 4 142 -892.6800 158.2300 5 165 -833.4100 489.6500
-1.5681381516e+00 1.5572777130e-01 -2.9126586670e+00
223 183 147
2 4 145 -1558.6899 171.3199 5 289 -1488.6700 519.4199
-5.4214776109e-01 1.8225559848e-01 -2.8580063025e+00
214 202 178
2 4 146 -530.9700 190.5601 5 168 -474.7000 519.5100
-1.4645922791e+00 2.4184711637e-01 -2.9869287046e+00
167 114 72
6 4 157 -1418.4100 250.1799 5 310 -1344.3101 562.1300 34 110 -1413.0000 -114.6899 35 113 -1302.6100 -60.7600 36 86 -1294.5701 -65.4200 37 113 -1229.8700 -205.3199
-1.2624329690e+00 2.4897922550e-01 -2.9753588921e+00
167 120 68
2 4 159 -1220.6799 256.6200 5 311 -1149.8201 564.6300
-1.3162662905e+00 2.6296736565e-01 -2.9890183757e+00
253 204 148
2 4 163 -1270.0200 269.8000 5 313 -1194.5701 573.5701
-1.3937360059e+00 -1.0101922510e-01 -2.9393833176e+00
140 106 81
2 4 175 -1368.2100 -85.2000 5 202 -1336.4000 264.0300
-1.3937360059e+00 -1.0101922510e-01 -2.9393833176e+00
140 106 81
2 4 176 -1368.2100 -85.2000 5 203 -1336.4000 264.0300
-1.3772766532e+00 -8.6430754391e-02 -2.9346592107e+00
205 174 145
2 4 178 -1353.8700 -71.0601 5 208 -1319.4600 278.6300
-1.3995665848e+00 -7.8070487815e-02 -2.9254686266e+00
168 133 104
2 4 181 -1380.4100 -63.0000 5 126 -1345.1400 290.4800
-1.3614568526e+00 -6.6486851369e-02 -2.9370135853e+00
196 162 127
2 4 183 -1337.2300 -51.3500 5 210 -1299.3600 295.9000
1.2853398375e+00 -3.7954701402e-02 -2.7044978502e+00
204 186 182
2 4 184 1365.2000 -45.9100 5 213 1389.9500 299.7800
1.2853398375e+00 -3.7954701402e-02 -2.7044978502e+00
204 186 182
2 4 185 1365.2000 -45.9100 5 214 1389.9500 299.7800
-1.3897682876e+00 -5.8197172755e-02 -2.9207662807e+00
230 194 160
2 4 186 -1373.1300 -43.4600 5 216 -1333.9100 310.3201
-1.5761095580e+00 -2.8000699923e-02 -2.9512024165e+00
138 99 66
2 4 189 -1546.6300 -11.7600 5 222 -1505.5900 335.7300
-1.5761095580e+00 -2.8000699923e-02 -2.9512024165e+00
138 99 66
2 4 190 -1546.6300 -11.7600 5 223 -1505.5900 335.7300
-1.3831489328e+00 -2.3994111774e-02 -2.9214256712e+00
162 123 89
7 4 192 -1364.4800 -9.1100 5 228 -1320.6300 342.7600 34 511 -1291.2500 -362.8800 35 577 -1206.0500 -344.8900 36 686 -1194.9600 -388.7600 32 461 -1262.3800 -338.9000 16 472 1313.1699 -347.7500
1.2855433078e+00 5.3201167130e-03 -2.6742546697e+00
194 163 142
2 4 194 1382.4700 -0.8500 5 229 1402.4199 353.1799
9.1334815246e-01 5.6941191118e-02 -2.8749914704e+00
205 157 109
6 4 203 911.2500 54.9500 5 419 935.7400 343.9399 34 362 827.9199 -170.3500 35 358 952.4900 -284.5300 36 458 1021.7200 -296.7400 37 612 1121.1499 -388.3800
1.3987873844e+00 6.1410632916e-02 -2.6389601428e+00
250 223 215
2 4 204 1524.2400 58.3900 5 250 1534.4500 417.4199
-1.4264217046e+00 4.7353840551e-02 -2.9023569929e+00
236 197 156
3 4 205 -1419.3900 61.8700 5 253 -1365.4700 416.9600 37 195 -1182.9399 -519.4700
1.1944755114e+00 8.1301737017e-02 -2.7722012484e+00
255 233 221
2 4 208 1237.6799 79.1000 5 242 1254.3101 393.4800
1.2489223530e+00 9.4327299796e-02 -2.7155283162e+00
250 216 186
2 4 209 1323.1001 93.2300 5 477 1335.3899 425.3401
-1.5040995027e+00 8.0347655044e-02 -2.9015555017e+00
254 219 179
7 4 212 -1498.3000 96.5500 5 268 -1439.2400 451.9500 34 204 -1443.4700 -298.9301 35 209 -1357.5800 -263.1300 36 158 -1359.1100 -300.2100 37 196 -1308.0500 -487.4900 15 167 1255.2800 -115.0601
9.4243283134e-01 1.0514683095e-01 -2.8578307882e+00
235 218 210
2 4 213 946.6699 103.0400 5 140 968.7400 393.1200
1.2693417308e+00 1.0913362862e-01 -2.6972343985e+00
255 227 192
8 4 214 1354.4399 109.0800 5 490 1363.9600 445.6400 34 346 1218.2400 -193.8000 35 339 1330.6399 -332.6600 36 432 1389.0801 -345.5900 37 589 1476.4900 -429.5500 38 760 1111.5300 -255.0601 15 758 -1378.9500 56.7700
-1.5520412600e+00 1.0007221935e-01 -2.9136068941e+00
117 81 51
2 4 216 -1541.8199 115.4600 5 272 -1480.0000 467.2300
1.1969836451e+00 1.2259237956e-01 -2.7711025271e+00
238 199 168
2 4 219 1241.6399 121.4700 5 262 1253.9700 432.6200
9.8888290854e-01 1.2387414644e-01 -2.8343629404e+00
237 218 203
2 4 220 1002.6499 122.0500 5 251 1021.3601 417.3000
9.8888290854e-01 1.2387414644e-01 -2.8343629404e+00
237 218 203
2 4 221 1002.6499 122.0500 5 252 1021.3601 417.3000
8.1184911620e-01 1.3165029208e-01 -2.8519120255e+00
224 216 214
2 4 222 819.0200 130.3000 5 255 842.3899 423.9299
-1.4274329664e+00 -1.0086245743e-01 -2.9376927373e+00
115 84 63
2 4 277 -1403.4500 -84.9399 5 204 -1371.0500 266.0000
-1.3524585413e+00 -6.9696475098e-02 -2.9484308054e+00
115 80 48
2 4 283 -1322.9100 -54.2100 5 386 -1286.2900 288.7900
-1.4267619068e+00 -4.3859427697e-02 -2.9135552720e+00
255 223 189
6 4 290 -1413.2800 -29.2200 5 221 -1372.0100 328.4299 35 557 -1256.2200 -367.6700 36 409 -1254.2300 -415.9500 37 518 -1201.8700 -619.0200 15 475 1155.3401 66.2800
-1.5311322663e+00 -4.3500112702e-02 -2.9375254326e+00
124 81 47
2 4 291 -1508.4700 -27.6200 5 409 -1468.4500 324.1200
-1.3208562837e+00 -3.3026301726e-02 -2.9595416829e+00
145 111 76
2 4 293 -1286.3101 -18.1200 5 404 -1245.4900 317.9500
-1.5570661576e+00 -2.2379632122e-02 -2.9398746311e+00
223 183 148
2 4 295 -1532.9600 -6.5100 5 420 -1491.0900 344.1799
1.2965457783e+00 4.5652446989e-03 -2.6714742976e+00
238 222 223
2 4 296 1395.3401 -1.7200 5 424 1415.7600 353.0300
-1.2777248531e+00 -1.4230373388e-02 -2.9757687075e+00
193 161 123
2 4 298 -1235.9900 0.2100 5 413 -1194.4900 328.1300
9.2551577514e-01 1.0501588666e-02 -2.8812130046e+00
187 172 169
2 4 301 921.1899 9.2400 5 215 947.7100 298.8201
-1.2808279556e+00 -3.2857877929e-03 -2.9656114698e+00
130 99 68
2 4 304 -1243.5000 10.8000 5 226 -1199.6700 341.7200
-1.2645165015e+00 -1.0478628292e-03 -2.9726190027e+00
182 156 123
2 4 306 -1224.5500 12.9399 5 418 -1180.4299 340.6799
-1.3703043392e+00 8.6410436286e-05 -2.9173145651e+00
150 111 72
2 4 307 -1354.8800 14.3199 5 430 -1307.7900 365.4000
-1.4579729877e+00 6.2236437619e-03 -2.9061939448e+00
153 108 75
2 4 311 -1448.6300 20.9500 5 441 -1401.9700 378.9500
-1.4995850706e+00 5.6222172688e-03 -2.9133436090e+00
211 169 132
2 4 312 -1488.1799 20.6801 5 438 -1440.7200 377.4199
1.2619962589e+00 3.1678834867e-02 -2.6959415013e+00
179 137 86
2 4 316 1345.9600 27.4600 5 431 1364.4700 371.8101
-1.4070302179e+00 1.8733746082e-02 -2.9085799776e+00
212 173 134
2 4 324 -1395.9600 33.1200 5 450 -1346.7400 387.5801
-1.5534622317e+00 2.3131503632e-02 -2.9242245307e+00
70 29 0
2 4 326 -1537.7500 38.5400 5 456 -1487.6700 391.9700
-1.3565060500e+00 3.2556919063e-02 -2.9124016783e+00
235 192 149
2 4 327 -1342.6700 46.5500 5 457 -1291.9000 396.9299
1.3746344896e+00 5.3667247336e-02 -2.6366821841e+00
211 178 159
2 4 329 1499.7800 50.1899 5 469 1511.3601 411.6699
-1.5496692283e+00 3.4264177689e-02 -2.9190083891e+00
239 200 163
2 4 330 -1536.3600 49.6200 5 461 -1484.8500 404.1300
-1.5948353344e+00 3.6945016391e-02 -2.9317690825e+00
166 122 83
2 4 335 -1575.0300 52.5400 5 742 -1524.6200 403.8301
-1.5622787416e+00 4.3624507362e-02 -2.9190483274e+00
194 152 114
2 4 339 -1549.3101 59.0500 5 472 -1496.0900 413.3101
1.3109131734e+00 8.1517293631e-02 -2.6537251273e+00
238 213 193
2 4 345 1422.2000 80.3800 5 777 1432.6899 434.8600
1.1345668258e+00 8.3836209172e-02 -2.7916818750e+00
236 214 196
2 4 346 1168.0000 81.6600 5 455 1184.7400 390.8500
9.6024230408e-01 8.6926001946e-02 -2.8632390840e+00
200 178 165
2 4 349 962.6399 84.6801 5 231 984.5400 373.9399
1.2195506534e+00 9.4797841245e-02 -2.7559563087e+00
233 194 163
2 4 353 1272.1399 93.0601 5 752 1285.6001 411.4099
1.1975147781e+00 9.5185219226e-02 -2.7714271404e+00
214 177 154
2 4 354 1241.7300 93.3000 5 463 1256.3000 406.7500
1.1474748889e+00 9.5913522177e-02 -2.7791277535e+00
252 222 197
2 4 355 1186.5901 94.2100 5 462 1202.8999 406.3401
1.0411202006e+00 9.9333997712e-02 -2.8368395189e+00
189 181 179
2 4 356 1053.0500 97.1801 5 241 1073.7300 391.9800
1.2172229027e+00 1.0576284426e-01 -2.7631175138e+00
253 217 192
4 4 358 1266.3201 104.0000 5 756 1279.1699 419.3401 34 616 1140.2100 -168.1899 35 618 1253.1101 -302.0100
1.1948599924e+00 1.0825257214e-01 -2.7719378044e+00
255 231 207
4 4 362 1239.1201 106.5300 5 474 1252.5400 418.9800 33 588 1060.2600 -96.9200 32 553 997.4600 -135.4399
8.7069331164e-01 1.1060302300e-01 -2.8619500304e+00
230 216 205
2 4 363 874.3101 108.7200 5 458 896.8899 399.0701
7.8746291540e-01 1.2002505992e-01 -2.8624905138e+00
229 224 222
